$ANSIBLE_VAULT;1.1;AES256
37373864353462316531666565626535653431383733353237333664663738376162383739373236
6266653230336432323535396537643836323832653137330a653230326163653335633664346236
39393931653337306535393261343630663930633037373465373464613739633134313936656264
3139323831626236640a663762303734313235393235383761633032386538383933373835363531
65643230383861633333353739333335323236303333656465303937336334666133323732363230
30653833343665386633356636323561303464363530663132356565653934353932653461646230
36623133643163373663396163653334343562323365323834613961613236663233306265613137
31623533613263613336353561663634326534376466393661383965363730383936306338313132
34623230616237663862373065316332376434643266386631663066663636626239393761656432
37663066306634373863343338623138313563633165633238363430336639663230376333356664
66333661373263653661383838373037656161653363666662633838383534646162336135316462
38633939323137303130393535616366616661333136616236643332393035353761383265316536
31613835326234306666656239353638623935353439653630613439613563356638376431386364
33346464653166366562633338363735346536346133326235623636623236633436623166383036
63393634373038643561346639376265333131346165616432623931376164646435393165363839
36376561306165396637356438663665663465623938663230336263636561346261353035663832
30333439393930636164353464623431363863383737343562326265653533626662643536633736
36396363623065396130646135333961333937656233633631366262306561643434376538663136
63393731623464623137623732396334306561373238366630376238323165636639313237643839
31623235343231363137663831663764343964366639376438636536623132303636393332303866
38303535373339666135303764336236626137313064613063393437623539666661
