$ANSIBLE_VAULT;1.1;AES256
61633935366165303938616134393462306532353162323032613339373236623730626339383338
3564383938626236313730363536333735643036353237380a623835343531363465356563343461
66623533623537626237363837323831373662653630343166363861393964613836313563366330
6662383362303936340a396466616239376263343836303630346137383030383135316565613931
39313166643165323030303932643238396131646238326431393061643566623262373264616361
32653534623561663632623435333432323864633663303761653063393130663863373934396135
32373463386438663264333865333831393765393733333337643061323030313431353337613731
37656239633061316338643333663164323539366230306331633838643131386634306163353130
61653463636235646466393231656433326266346433633266393931643130316662653966343830
38346331343536616664613866323036366162653631303630376531373635366434346532353162
33636566636433626364333662343638373965303234356466333664643131376434353333616137
31353165393730383666373835626564643637323435353534303532343439633465626666333065
64373433396639303138363734656535333030373738633539663863356165633932393061303337
34393737363336383437393436353830343634613763646161373132613766363237336366333334
37356462616362616164363735633637623436353962396230323766363631366564363234396261
32646332376531313839353337373933356562346130303663663331656166636464646336343761
31643066636233303332386333396336656139343534366265363763313930626562623238373839
61396563366439613736376136386233323534356133613165303463356630646130356461663261
39653964336538623762393462646665653462323964326139353965303830653331616663323566
63373732316166343130313031646561613537643532633062633966333336386134353563373865
38363433316136613035363933636162366366616432666565643334396337653763386165313837
62653030316336653731333063323738616563636464316236326663613532323638316461653233
34636338343938376462316237303162383561396539366437343264343039316536373666653737
35646466623837636166366235346336656136633462653337303165343732653664666235373965
39666565373566363764373830623737643464313265393264643264313237316133
